f 2 6 1
f 6 2 7
f 3 7 2
f 7 3 8
f 4 8 3
f 8 4 9
f 5 9 4
f 9 5 10
f 7 11 6
f 11 7 12
f 8 12 7
f 12 8 13
f 9 13 8
f 13 9 14
f 10 14 9
f 14 10 15
f 12 16 11
f 16 12 17
f 13 17 12
f 17 13 18
f 14 18 13
f 18 14 19
f 15 19 14
f 19 15 20
f 21 22 2
f 21 2 1
f 23 2 22
f 23 3 2
f 24 3 23
f 24 4 3
f 25 4 24
f 26 4 25
f 26 5 4
f 21 29 22
f 29 21 27
f 27 30 29
f 30 27 28
f 22 31 23
f 31 22 29
f 29 32 31
f 32 29 30
f 23 33 24
f 33 23 31
f 31 34 33
f 34 31 32
f 24 35 25
f 35 24 33
f 33 36 35
f 36 33 34
f 25 37 26
f 37 25 35
f 35 38 37
f 38 35 36
f 6 39 1
f 39 6 42
f 42 40 39
f 40 42 43
f 43 41 40
f 41 43 44
f 44 5 41
f 5 44 10
f 11 42 6
f 42 11 45
f 45 43 42
f 43 45 46
f 46 44 43
f 44 46 47
f 47 10 44
f 10 47 15
f 16 45 11
f 45 16 48
f 48 46 45
f 46 48 49
f 49 47 46
f 47 49 50
f 50 15 47
f 15 50 20
f 39 51 21
f 1 39 21
f 51 39 52
f 39 40 52
f 52 40 53
f 40 41 53
f 53 41 54
f 54 41 26
f 41 5 26
f 55 21 51
f 21 55 27
f 56 27 55
f 27 56 28
f 57 51 52
f 51 57 55
f 58 55 57
f 55 58 56
f 59 52 53
f 52 59 57
f 60 57 59
f 57 60 58
f 61 53 54
f 53 61 59
f 62 59 61
f 59 62 60
f 37 54 26
f 54 37 61
f 38 61 37
f 61 38 62
f 17 63 16
f 63 17 64
f 18 64 17
f 64 18 65
f 19 65 18
f 65 19 66
f 20 66 19
f 66 20 67
f 64 68 63
f 68 64 69
f 65 69 64
f 69 65 70
f 66 70 65
f 70 66 71
f 67 71 66
f 71 67 72
f 69 73 68
f 73 69 74
f 70 74 69
f 74 70 75
f 71 75 70
f 75 71 76
f 72 76 71
f 76 72 77
f 78 79 76
f 78 76 77
f 79 80 75
f 79 75 76
f 80 81 75
f 81 82 74
f 81 74 75
f 83 74 82
f 83 73 74
f 84 73 83
f 78 87 79
f 87 78 85
f 85 88 87
f 88 85 86
f 79 89 80
f 89 79 87
f 87 90 89
f 90 87 88
f 80 91 81
f 91 80 89
f 89 92 91
f 92 89 90
f 81 93 82
f 93 81 91
f 91 94 93
f 94 91 92
f 82 95 83
f 95 82 93
f 93 96 95
f 96 93 94
f 83 97 84
f 97 83 95
f 95 98 97
f 98 95 96
f 63 48 16
f 48 63 99
f 99 49 48
f 49 99 100
f 100 50 49
f 50 100 101
f 101 20 50
f 20 101 67
f 68 99 63
f 99 68 102
f 102 100 99
f 100 102 103
f 103 101 100
f 101 103 104
f 104 67 101
f 67 104 72
f 73 102 68
f 102 73 105
f 105 103 102
f 103 105 106
f 106 104 103
f 104 106 107
f 107 72 104
f 72 107 77
f 107 108 78
f 77 107 78
f 106 109 108
f 107 106 108
f 106 110 109
f 105 111 110
f 106 105 110
f 111 105 112
f 105 73 112
f 112 73 84
f 113 78 108
f 78 113 85
f 114 85 113
f 85 114 86
f 115 108 109
f 108 115 113
f 116 113 115
f 113 116 114
f 117 109 110
f 109 117 115
f 118 115 117
f 115 118 116
f 119 110 111
f 110 119 117
f 120 117 119
f 117 120 118
f 121 111 112
f 111 121 119
f 122 119 121
f 119 122 120
f 97 112 84
f 112 97 121
f 98 121 97
f 121 98 122
f 124 128 123
f 128 124 129
f 125 129 124
f 129 125 130
f 126 130 125
f 130 126 131
f 127 131 126
f 131 127 132
f 129 133 128
f 133 129 134
f 130 134 129
f 134 130 135
f 131 135 130
f 135 131 136
f 132 136 131
f 136 132 137
f 134 138 133
f 138 134 139
f 135 139 134
f 139 135 140
f 136 140 135
f 140 136 141
f 137 141 136
f 141 137 142
f 139 143 138
f 143 139 144
f 140 144 139
f 144 140 145
f 141 145 140
f 145 141 146
f 142 146 141
f 146 142 147
f 128 148 123
f 148 128 151
f 151 149 148
f 149 151 152
f 152 150 149
f 150 152 153
f 153 127 150
f 127 153 132
f 133 151 128
f 151 133 154
f 154 152 151
f 152 154 155
f 155 153 152
f 153 155 156
f 156 132 153
f 132 156 137
f 138 154 133
f 154 138 157
f 157 155 154
f 155 157 158
f 158 156 155
f 156 158 159
f 159 137 156
f 137 159 142
f 143 157 138
f 157 143 160
f 160 158 157
f 158 160 161
f 161 159 158
f 159 161 162
f 162 142 159
f 142 162 147
f 144 163 143
f 163 144 164
f 145 164 144
f 164 145 165
f 146 165 145
f 165 146 166
f 147 166 146
f 166 147 167
f 164 168 163
f 168 164 169
f 165 169 164
f 169 165 170
f 166 170 165
f 170 166 171
f 167 171 166
f 171 167 172
f 169 173 168
f 173 169 174
f 170 174 169
f 174 170 175
f 171 175 170
f 175 171 176
f 172 176 171
f 176 172 177
f 178 174 179
f 178 173 174
f 180 179 174
f 180 174 175
f 180 175 181
f 182 181 175
f 182 175 176
f 182 176 183
f 184 183 176
f 184 176 177
f 179 185 178
f 185 179 187
f 187 186 185
f 186 187 188
f 180 187 179
f 187 180 189
f 189 188 187
f 188 189 190
f 181 189 180
f 189 181 191
f 191 190 189
f 190 191 192
f 182 191 181
f 191 182 193
f 193 192 191
f 192 193 194
f 183 193 182
f 193 183 195
f 195 194 193
f 194 195 196
f 184 195 183
f 195 184 197
f 197 196 195
f 196 197 198
f 163 160 143
f 160 163 199
f 199 161 160
f 161 199 200
f 200 162 161
f 162 200 201
f 201 147 162
f 147 201 167
f 168 199 163
f 199 168 202
f 202 200 199
f 200 202 203
f 203 201 200
f 201 203 204
f 204 167 201
f 167 204 172
f 173 202 168
f 202 173 205
f 205 203 202
f 203 205 206
f 206 204 203
f 204 206 207
f 207 172 204
f 172 207 177
f 208 205 178
f 205 173 178
f 205 208 209
f 206 205 209
f 210 206 209
f 206 210 211
f 207 206 211
f 212 207 211
f 207 212 184
f 177 207 184
f 185 208 178
f 208 185 213
f 186 213 185
f 213 186 214
f 213 209 208
f 209 213 215
f 214 215 213
f 215 214 216
f 215 210 209
f 210 215 217
f 216 217 215
f 217 216 218
f 217 211 210
f 211 217 219
f 218 219 217
f 219 218 220
f 219 212 211
f 212 219 221
f 220 221 219
f 221 220 222
f 221 184 212
f 184 221 197
f 222 197 221
f 197 222 198
f 223 225 224
f 223 226 225
f 223 227 226
f 223 228 227
f 225 229 224
f 229 225 230
f 226 230 225
f 230 226 231
f 227 231 226
f 231 227 232
f 228 232 227
f 232 228 233
f 230 234 229
f 234 230 235
f 231 235 230
f 235 231 236
f 232 236 231
f 236 232 237
f 233 237 232
f 237 233 238
f 235 239 234
f 239 235 240
f 236 240 235
f 240 236 241
f 237 241 236
f 241 237 242
f 238 242 237
f 242 238 243
f 223 244 228
f 223 245 244
f 223 246 245
f 223 247 246
f 244 233 228
f 233 244 248
f 245 248 244
f 248 245 249
f 246 249 245
f 249 246 250
f 247 250 246
f 250 247 251
f 248 238 233
f 238 248 252
f 249 252 248
f 252 249 253
f 250 253 249
f 253 250 254
f 251 254 250
f 254 251 255
f 252 243 238
f 243 252 256
f 253 256 252
f 256 253 257
f 254 257 253
f 257 254 258
f 255 258 254
f 258 255 259
f 260 261 223
f 261 262 223
f 262 263 223
f 263 247 223
f 264 261 260
f 261 264 265
f 265 262 261
f 262 265 266
f 266 263 262
f 263 266 267
f 267 247 263
f 247 267 251
f 268 265 264
f 265 268 269
f 269 266 265
f 266 269 270
f 270 267 266
f 267 270 271
f 271 251 267
f 251 271 255
f 272 269 268
f 269 272 273
f 273 270 269
f 270 273 274
f 274 271 270
f 271 274 275
f 275 255 271
f 255 275 259
f 224 276 223
f 276 277 223
f 277 278 223
f 278 260 223
f 229 276 224
f 276 229 279
f 279 277 276
f 277 279 280
f 280 278 277
f 278 280 281
f 281 260 278
f 260 281 264
f 234 279 229
f 279 234 282
f 282 280 279
f 280 282 283
f 283 281 280
f 281 283 284
f 284 264 281
f 264 284 268
f 239 282 234
f 282 239 285
f 285 283 282
f 283 285 286
f 286 284 283
f 284 286 287
f 287 268 284
f 268 287 272
f 240 288 239
f 288 240 289
f 241 289 240
f 289 241 290
f 242 290 241
f 290 242 291
f 243 291 242
f 291 243 292
f 289 293 288
f 293 289 294
f 290 294 289
f 294 290 295
f 291 295 290
f 295 291 296
f 292 296 291
f 296 292 297
f 294 298 293
f 298 294 299
f 295 299 294
f 299 295 300
f 296 300 295
f 300 296 301
f 297 301 296
f 301 297 302
f 299 303 298
f 303 299 304
f 300 304 299
f 304 300 305
f 301 305 300
f 305 301 306
f 302 306 301
f 306 302 307
f 256 292 243
f 292 256 308
f 257 308 256
f 308 257 309
f 258 309 257
f 309 258 310
f 259 310 258
f 310 259 311
f 308 297 292
f 297 308 312
f 309 312 308
f 312 309 313
f 310 313 309
f 313 310 314
f 311 314 310
f 314 311 315
f 312 302 297
f 302 312 316
f 313 316 312
f 316 313 317
f 314 317 313
f 317 314 318
f 315 318 314
f 318 315 319
f 316 307 302
f 307 316 320
f 317 320 316
f 320 317 321
f 318 321 317
f 321 318 322
f 319 322 318
f 322 319 323
f 324 273 272
f 273 324 325
f 325 274 273
f 274 325 326
f 326 275 274
f 275 326 327
f 327 259 275
f 259 327 311
f 328 325 324
f 325 328 329
f 329 326 325
f 326 329 330
f 330 327 326
f 327 330 331
f 331 311 327
f 311 331 315
f 332 329 328
f 329 332 333
f 333 330 329
f 330 333 334
f 334 331 330
f 331 334 335
f 335 315 331
f 315 335 319
f 336 333 332
f 333 336 337
f 337 334 333
f 334 337 338
f 338 335 334
f 335 338 339
f 339 319 335
f 319 339 323
f 288 285 239
f 285 288 340
f 340 286 285
f 286 340 341
f 341 287 286
f 287 341 342
f 342 272 287
f 272 342 324
f 293 340 288
f 340 293 343
f 343 341 340
f 341 343 344
f 344 342 341
f 342 344 345
f 345 324 342
f 324 345 328
f 298 343 293
f 343 298 346
f 346 344 343
f 344 346 347
f 347 345 344
f 345 347 348
f 348 328 345
f 328 348 332
f 303 346 298
f 346 303 349
f 349 347 346
f 347 349 350
f 350 348 347
f 348 350 351
f 351 332 348
f 332 351 336
f 353 357 352
f 357 353 358
f 354 358 353
f 358 354 359
f 355 359 354
f 359 355 360
f 356 360 355
f 360 356 361
f 358 362 357
f 362 358 363
f 359 363 358
f 363 359 364
f 360 364 359
f 364 360 365
f 361 365 360
f 365 361 366
f 363 367 362
f 367 363 368
f 364 368 363
f 368 364 369
f 365 369 364
f 369 365 370
f 366 370 365
f 370 366 371
f 368 372 367
f 372 368 373
f 369 373 368
f 373 369 374
f 370 374 369
f 374 370 375
f 371 375 370
f 375 371 376
f 377 361 356
f 361 377 381
f 378 381 377
f 381 378 382
f 379 382 378
f 382 379 383
f 380 383 379
f 383 380 384
f 381 366 361
f 366 381 385
f 382 385 381
f 385 382 386
f 383 386 382
f 386 383 387
f 384 387 383
f 387 384 388
f 385 371 366
f 371 385 389
f 386 389 385
f 389 386 390
f 387 390 386
f 390 387 391
f 388 391 387
f 391 388 392
f 389 376 371
f 376 389 393
f 390 393 389
f 393 390 394
f 391 394 390
f 394 391 395
f 392 395 391
f 395 392 396
f 401 398 397
f 398 401 402
f 402 399 398
f 399 402 403
f 403 400 399
f 400 403 404
f 404 380 400
f 380 404 384
f 405 402 401
f 402 405 406
f 406 403 402
f 403 406 407
f 407 404 403
f 404 407 408
f 408 384 404
f 384 408 388
f 409 406 405
f 406 409 410
f 410 407 406
f 407 410 411
f 411 408 407
f 408 411 412
f 412 388 408
f 388 412 392
f 413 410 409
f 410 413 414
f 414 411 410
f 411 414 415
f 415 412 411
f 412 415 416
f 416 392 412
f 392 416 396
f 357 417 352
f 417 357 420
f 420 418 417
f 418 420 421
f 421 419 418
f 419 421 422
f 422 397 419
f 397 422 401
f 362 420 357
f 420 362 423
f 423 421 420
f 421 423 424
f 424 422 421
f 422 424 425
f 425 401 422
f 401 425 405
f 367 423 362
f 423 367 426
f 426 424 423
f 424 426 427
f 427 425 424
f 425 427 428
f 428 405 425
f 405 428 409
f 372 426 367
f 426 372 429
f 429 427 426
f 427 429 430
f 430 428 427
f 428 430 431
f 431 409 428
f 409 431 413
f 374 432 373
f 432 374 433
f 375 433 374
f 433 375 434
f 376 434 375
f 434 376 435
f 433 437 432
f 437 433 438
f 434 438 433
f 438 434 439
f 435 439 434
f 439 435 440
f 437 441 436
f 441 437 442
f 438 442 437
f 442 438 443
f 439 443 438
f 443 439 444
f 440 444 439
f 444 440 445
f 443 446 442
f 446 443 447
f 444 447 443
f 447 444 448
f 445 448 444
f 448 445 449
f 30 28 372
f 30 372 373
f 32 30 373
f 32 373 432
f 32 432 34
f 36 34 432
f 36 432 437
f 36 436 38
f 36 437 436
f 88 86 441
f 88 441 442
f 88 442 446
f 90 88 446
f 393 435 376
f 435 393 450
f 394 450 393
f 450 394 451
f 395 451 394
f 451 395 452
f 396 452 395
f 452 396 453
f 450 440 435
f 440 450 454
f 451 454 450
f 454 451 455
f 452 455 451
f 455 452 456
f 453 456 452
f 456 453 457
f 454 445 440
f 445 454 458
f 455 458 454
f 458 455 459
f 456 459 455
f 459 456 460
f 458 449 445
f 449 458 461
f 459 461 458
f 461 459 462
f 460 462 459
f 462 460 463
f 186 188 456
f 186 456 457
f 190 456 188
f 190 460 456
f 192 460 190
f 192 463 460
f 192 194 463
f 464 414 413
f 414 464 465
f 465 415 414
f 415 465 466
f 466 416 415
f 416 466 467
f 467 396 416
f 396 467 453
f 468 465 464
f 465 468 469
f 469 466 465
f 466 469 470
f 470 467 466
f 467 470 471
f 471 453 467
f 453 471 457
f 472 469 468
f 469 472 473
f 473 470 469
f 470 473 474
f 474 471 470
f 471 474 475
f 476 473 472
f 473 476 477
f 477 474 473
f 474 477 478
f 478 475 474
f 475 478 479
f 471 214 186
f 457 471 186
f 214 471 216
f 471 475 216
f 216 475 218
f 475 479 218
f 479 220 218
f 480 430 429
f 430 480 481
f 481 431 430
f 431 481 482
f 482 413 431
f 413 482 464
f 483 481 480
f 481 483 484
f 484 482 481
f 482 484 485
f 485 464 482
f 464 485 468
f 441 483 436
f 483 441 486
f 486 484 483
f 484 486 487
f 487 485 484
f 485 487 488
f 488 468 485
f 468 488 472
f 489 487 486
f 487 489 490
f 490 488 487
f 488 490 491
f 491 472 488
f 472 491 476
f 372 28 56
f 429 372 56
f 429 56 58
f 480 429 58
f 60 480 58
f 480 60 62
f 483 480 62
f 38 436 62
f 436 483 62
f 441 86 114
f 486 441 114
f 489 486 114
f 489 114 116
f 447 492 446
f 492 447 493
f 448 493 447
f 493 448 494
f 449 494 448
f 494 449 495
f 493 497 492
f 497 493 498
f 494 498 493
f 498 494 499
f 495 499 494
f 499 495 500
f 497 501 496
f 501 497 502
f 498 502 497
f 502 498 503
f 499 503 498
f 503 499 504
f 500 504 499
f 504 500 505
f 502 506 501
f 506 502 507
f 503 507 502
f 507 503 508
f 504 508 503
f 508 504 509
f 505 509 504
f 509 505 510
f 92 90 446
f 92 446 492
f 92 492 94
f 94 492 96
f 96 496 98
f 96 497 496
f 96 492 497
f 461 495 449
f 495 461 511
f 462 511 461
f 511 462 512
f 463 512 462
f 512 463 513
f 511 500 495
f 500 511 515
f 512 515 511
f 515 512 516
f 513 516 512
f 516 513 517
f 514 517 513
f 517 514 518
f 515 505 500
f 505 515 519
f 516 519 515
f 519 516 520
f 517 520 516
f 520 517 521
f 518 521 517
f 521 518 522
f 519 510 505
f 510 519 523
f 520 523 519
f 523 520 524
f 521 524 520
f 524 521 525
f 522 525 521
f 525 522 526
f 196 463 194
f 196 513 463
f 198 513 196
f 198 514 513
f 527 477 476
f 477 527 528
f 528 478 477
f 478 528 529
f 529 479 478
f 479 529 530
f 531 528 527
f 528 531 532
f 532 529 528
f 529 532 533
f 533 530 529
f 530 533 534
f 534 514 530
f 514 534 518
f 535 532 531
f 532 535 536
f 536 533 532
f 533 536 537
f 537 534 533
f 534 537 538
f 538 518 534
f 518 538 522
f 539 536 535
f 536 539 540
f 540 537 536
f 537 540 541
f 541 538 537
f 538 541 542
f 542 522 538
f 522 542 526
f 220 479 222
f 479 530 222
f 222 530 198
f 530 514 198
f 543 490 489
f 490 543 544
f 544 491 490
f 491 544 545
f 545 476 491
f 476 545 527
f 546 544 543
f 544 546 547
f 547 545 544
f 545 547 548
f 548 527 545
f 527 548 531
f 501 546 496
f 546 501 549
f 549 547 546
f 547 549 550
f 550 548 547
f 548 550 551
f 551 531 548
f 531 551 535
f 506 549 501
f 549 506 552
f 552 550 549
f 550 552 553
f 553 551 550
f 551 553 554
f 554 535 551
f 535 554 539
f 489 116 118
f 543 489 118
f 120 543 118
f 122 543 120
f 98 496 122
f 496 546 122
f 546 543 122
f 507 555 506
f 555 507 556
f 508 556 507
f 556 508 557
f 509 557 508
f 557 509 558
f 510 558 509
f 558 510 559
f 556 560 555
f 560 556 561
f 557 561 556
f 561 557 562
f 558 562 557
f 562 558 563
f 559 563 558
f 563 559 564
f 561 565 560
f 565 561 566
f 562 566 561
f 566 562 567
f 563 567 562
f 567 563 568
f 564 568 563
f 568 564 569
f 566 570 565
f 567 570 566
f 568 570 567
f 569 570 568
f 523 559 510
f 559 523 571
f 524 571 523
f 571 524 572
f 525 572 524
f 572 525 573
f 526 573 525
f 573 526 574
f 571 564 559
f 564 571 575
f 572 575 571
f 575 572 576
f 573 576 572
f 576 573 577
f 574 577 573
f 577 574 578
f 575 569 564
f 569 575 579
f 576 579 575
f 579 576 580
f 577 580 576
f 580 577 581
f 578 581 577
f 581 578 582
f 579 570 569
f 580 570 579
f 581 570 580
f 582 570 581
f 583 540 539
f 540 583 584
f 584 541 540
f 541 584 585
f 585 542 541
f 542 585 586
f 586 526 542
f 526 586 574
f 587 584 583
f 584 587 588
f 588 585 584
f 585 588 589
f 589 586 585
f 586 589 590
f 590 574 586
f 574 590 578
f 591 588 587
f 588 591 592
f 592 589 588
f 589 592 593
f 593 590 589
f 590 593 594
f 594 578 590
f 578 594 582
f 591 570 592
f 592 570 593
f 593 570 594
f 594 570 582
f 555 552 506
f 552 555 595
f 595 553 552
f 553 595 596
f 596 554 553
f 554 596 597
f 597 539 554
f 539 597 583
f 560 595 555
f 595 560 598
f 598 596 595
f 596 598 599
f 599 597 596
f 597 599 600
f 600 583 597
f 583 600 587
f 565 598 560
f 598 565 601
f 601 599 598
f 599 601 602
f 602 600 599
f 600 602 603
f 603 587 600
f 587 603 591
f 565 570 601
f 601 570 602
f 602 570 603
f 603 570 591
